3,2
3,1
3,3
10,7
10,129
10,65
10,113
10,25
10,243
10,155
10,91
11,21
11,25
11,5
11,7
8,5
0,414
1114,7
1114,6
1114,5
1114,4
1114,3
1114,2
1114,1
1114,0
1111,4
1111,3
1111,2
1111,1
1111,0
20,3
20,2
20,1
19,3
19,2
19,1
14,9
14,7
14,4
14,2
14,0
12,3
12,2
12,1
11,29
11,28
11,27
11,26
11,24
11,22
11,20
11,18
11,16
11,15
11,14
11,12
11,11
11,10
11,9
11,8
11,6
11,4
11,3
11,2
11,1
10,312
10,310
10,307
10,288
10,276
10,274
10,270
10,268
10,234
10,232
10,225
10,200
10,190
10,176
10,171
10,166
10,142
18,1
10,134
18,3
10,118
10,111
10,104
10,95
10,78
10,75
10,70
14,1
14,5
10,68
14,3
13,1
10,35
13,3
10,34
10,20
10,16
10,9
10,3
10,2
10,1
9,7
9,6
9,5
9,4
9,3
9,2
9,1
8,18
8,17
8,16
